Lowest cost through this matrix:
[ 900,  900,  900,  900,  900, 4200, 4200, 4200, 4200, 4200, 4200, 4200, 4200, 4200, 4200, 4200, 4200, 4200, 4200, 4200]
[ 900,  900,  900,  900,  900, 4200, 4200, 4200, 4200, 4200, 4200, 4200, 4200, 4200, 4200, 1800, 1800, 1800, 1800, 1800]
[ 900,  900,  900,  900,  900, 2100, 2100, 2100, 2100, 2100, 2800, 2800, 2800, 2800, 2800, 2800, 2800, 2800, 2800, 2800]
[ 900,  900,  900,  900,  900,    1,    1,    1,    1,    1, 2800, 2800, 2800, 2800, 2800, 1200, 1200, 1200, 1200, 1200]
[ 900,  900,  900,  900,  900,    1,    1,    1,    1,    1, 1400, 1400, 1400, 1400, 1400,  600,  600,  600,  600,  600]
[ 600,  600,  600,  600,  600, 6300, 6300, 6300, 6300, 6300, 6300, 6300, 6300, 6300, 6300, 2700, 2700, 2700, 2700, 2700]
[ 600,  600,  600,  600,  600, 6300, 6300, 6300, 6300, 6300, 6300, 6300, 6300, 6300, 6300, 6300, 6300, 6300, 6300, 6300]
[ 700,  700,  700,  700,  700, 6300, 6300, 6300, 6300, 6300, 6300, 6300, 6300, 6300, 6300, 2700, 2700, 2700, 2700, 2700]
[1400, 1400, 1400, 1400, 1400, 6300, 6300, 6300, 6300, 6300, 6300, 6300, 6300, 6300, 6300, 2700, 2700, 2700, 2700, 2700]
[ 700,  700,  700,  700,  700, 4200, 4200, 4200, 4200, 4200, 4200, 4200, 4200, 4200, 4200, 1800, 1800, 1800, 1800, 1800]
[ 700,  700,  700,  700,  700, 4200, 4200, 4200, 4200, 4200, 4200, 4200, 4200, 4200, 4200, 1800, 1800, 1800, 1800, 1800]
[ 600,  600,  600,  600,  600, 2100, 2100, 2100, 2100, 2100, 4200, 4200, 4200, 4200, 4200, 4200, 4200, 4200, 4200, 4200]
[   1,    1,    1,    1,    1,    1,    1,    1,    1,    1,    1,    1,    1,    1,    1,    1,    1,    1,    1,    1]
[   1,    1,    1,    1,    1,    1,    1,    1,    1,    1,    1,    1,    1,    1,    1,    1,    1,    1,    1,    1]
[   1,    1,    1,    1,    1,    1,    1,    1,    1,    1,    1,    1,    1,    1,    1,    1,    1,    1,    1,    1]
[   1,    1,    1,    1,    1,    1,    1,    1,    1,    1,    1,    1,    1,    1,    1,    1,    1,    1,    1,    1]
[   1,    1,    1,    1,    1,    1,    1,    1,    1,    1,    1,    1,    1,    1,    1,    1,    1,    1,    1,    1]
[   1,    1,    1,    1,    1,    1,    1,    1,    1,    1,    1,    1,    1,    1,    1,    1,    1,    1,    1,    1]
[   1,    1,    1,    1,    1,    1,    1,    1,    1,    1,    1,    1,    1,    1,    1,    1,    1,    1,    1,    1]
[   1,    1,    1,    1,    1,    1,    1,    1,    1,    1,    1,    1,    1,    1,    1,    1,    1,    1,    1,    1]
(0, 5) -> 4200
(1, 6) -> 4200
(2, 19) -> 2800
(3, 10) -> 2800
(4, 11) -> 1400
(5, 7) -> 6300
(6, 8) -> 6300
(7, 9) -> 6300
(8, 12) -> 6300
(9, 13) -> 4200
(10, 14) -> 4200
(11, 15) -> 4200
(12, 0) -> 1
(13, 1) -> 1
(14, 2) -> 1
(15, 3) -> 1
(16, 4) -> 1
(17, 16) -> 1
(18, 17) -> 1
(19, 18) -> 1
total cost: 53208
